alpha CL CD Cm h0     
 ------- -------- --------- --------- -------- ------- ------- -------- --------- ---------
  -6.000  -0.5557   0.02746 -0.0286 0.25
  -5.000  -0.4499   0.02203 -0.0287 0.25
  -4.000  -0.3005   0.01738 -0.0373 0.25  
  -3.000  -0.1669   0.01595 -0.0429 0.25  
  -2.000  -0.0234   0.01457 -0.0490 0.25 
  -1.000   0.1593   0.01316 -0.0592 0.25  
   0.000   0.3608   0.01191 -0.0746 0.25  
   1.000   0.4435   0.01147 -0.0674 0.25  
   2.000   0.5388   0.01136 -0.0625 0.25  
   3.000   0.6280   0.01151 -0.0566 0.25  
   4.000   0.7101   0.01228 -0.0496 0.25  
   5.000   0.7724   0.01519 -0.0408 0.25  
   6.000   0.8564   0.01772 -0.0363 0.25  
   7.000   0.9476   0.02057 -0.0332 0.25  
   8.000   1.0373   0.02467 -0.0305 0.25  
   9.000   1.1228   0.02843 -0.0272 0.25  
  10.000   1.1981   0.03394 -0.0237 0.25 
  11.000   1.2552   0.03093 -0.0165 0.25  
  12.000   1.2952   0.03259 -0.0084 0.25  
  13.000   1.2845   0.03938 -0.0009 0.25 
  14.000   1.2463   0.05344 -0.0010 0.25  
  15.000   1.1774   0.07624 -0.0080 0.25  
  16.000   1.0812   0.11169 -0.0281 0.25  
  17.000   1.0203   0.13932 -0.0440 0.25  
  18.000   0.9864   0.16467 -0.0577 0.25  
  19.000   0.9238   0.20796 -0.0760 0.25  
  20.000   0.9033   0.24491 -0.0873 0.25  
  21.000   0.8925   0.28154 -0.0958 0.25  
  22.000   0.9032   0.30306 -0.0984 0.25  


